Subject,Soundscape_Type,BDS_Modality,PANAS-N_Pre,PANAS-P_Pre,PANAS-N_Post,PANAS-P_Post,PANAS-N_Overall,PANAS_P_Overall,PANAS-N_Difference,PANAS-P_Difference,BDS_Pre,BDS_Post,BDS_ZNorm_Pre,BDS_ZNorm_Post,DNB_Pre,DNB_Post,DNB_ZNorm_Pre,DNB_ZNorm_Post,Aesthetic_Ratings,ZNorm_Pre_Average,ZNorm_Post_Average,ZNorm_Improvement_Average,Age,Gender,Guessed Purpose?
1,N,A,2.6,2.7,2.2,2.2,2.4,2.45,-0.4,-0.5,8,11,-0.621533619,0.571053731,1.902088386,2.07716304,0.570139565,0.879519689,2.325,-0.025697027,0.72528671,0.750983737,20,F,0
2,U,A,1.8,3.7,1.6,3,1.7,3.35,-0.2,-0.7,6,6,-1.416591852,-1.416591852,1.365621885,1.58107668,-0.377867865,0.002869322,2.1,-0.897229859,-0.706861265,0.190368594,21,M,0
3,N,V,3.1,2.5,2.9,2.3,3,2.4,-0.2,-0.2,8,11,-0.621533619,0.571053731,1.809164568,2.588592996,0.405930859,1.783284225,1.9,-0.10780138,1.177168978,1.284970358,19,F,1
4,U,V,1.7,2.9,1.3,3.2,1.5,3.05,-0.4,0.3,11,13,0.571053731,1.366111964,1.768479847,2.082642827,0.334035563,0.889203199,2.225,0.452544647,1.127657582,0.675112935,20,F,1
5,N,V,1.6,2.4,1.5,2.5,1.55,2.45,-0.1,0.1,12,11,0.968582847,0.571053731,2.792282105,2.953092471,2.143229885,2.427403121,2.425,1.555906366,1.499228426,-0.05667794,21,F,1
6,N,A,1.1,2.6,1.1,2.4,1.1,2.5,0,-0.2,12,12,0.968582847,0.968582847,2.14071425,1.400740768,0.991823103,-0.315808143,2.4,0.980202975,0.326387352,-0.653815623,20,M,1
7,U,A,1.3,4.4,2.2,2.3,1.75,3.35,0.9,-2.1,10,11,0.173524614,0.571053731,2.117770946,2.007074926,0.951279243,0.7556647,1.625,0.562401929,0.663359215,0.100957287,21,M,1
8,N,V,1,3.6,1.2,3.9,1.1,3.75,0.2,0.3,7,10,-1.019062735,0.173524614,1.352167809,2.206827837,-0.401643001,1.108654576,1.85,-0.710352868,0.641089595,1.351442463,20,F,1
9,U,V,1.7,1.8,1.2,2.7,1.45,2.25,-0.5,0.9,6,9,-1.416591852,-0.224004502,1.675662187,1.677865134,0.170014452,0.173907352,1.625,-0.6232887,-0.025048575,0.598240124,19,M,0
10,N,A,1.5,3.5,1.3,3.7,1.4,3.6,-0.2,0.2,12,14,0.968582847,1.76364108,1.833943045,2.399639086,0.449717713,1.449377615,2.2,0.70915028,1.606509348,0.897359068,21,M,0
11,U,A,1.8,3.4,1.3,3.3,1.55,3.35,-0.5,-0.1,8,8,-0.621533619,-0.621533619,1.950479483,1.519227678,0.655653049,-0.106426065,1.9,0.017059715,-0.363979842,-0.381039557,19,F,0
12,N,V,2.4,3.1,2.5,3.3,2.45,3.2,0.1,0.2,6,11,-1.416591852,0.571053731,1.247102304,1.609313611,-0.587307678,0.052767722,2.65,-1.001949765,0.311910727,1.313860491,20,F,1
13,U,V,1.1,3,1.4,3,1.25,3,0.3,0,7,5,-1.019062735,-1.814120968,0.939920986,1.265321505,-1.130137792,-0.555111934,2.025,-1.074600264,-1.184616451,-0.110016188,20,M,0
14,N,A,3.1,1.6,2.6,1.8,2.85,1.7,-0.5,0.2,8,8,-0.621533619,-0.621533619,-0.375487687,0.21677108,-3.454639309,-2.408039548,2.025,-2.038086464,-1.514786584,0.52329988,20,F,0
15,U,A,2.3,4.3,2.1,3.4,2.2,3.85,-0.2,-0.9,10,11,0.173524614,0.571053731,1.347022186,1.852759908,-0.410735999,0.482969604,2.075,-0.118605693,0.527011668,0.64561736,20,M,0
16,N,V,1.4,3.5,1.5,2.7,1.45,3.1,0.1,-0.8,10,12,0.173524614,0.968582847,1.639099372,1.966283526,0.105403111,0.683580888,2.8,0.139463863,0.826081868,0.686618005,20,M,0
17,U,V,1.3,3.6,1.7,1.7,1.5,2.65,0.4,-1.9,8,8,-0.621533619,-0.621533619,1.698871663,1.577327045,0.211028673,-0.003756781,1.9,-0.205252473,-0.3126452,-0.107392727,22,M,0
18,N,A,1.4,3,1,3.5,1.2,3.25,-0.4,0.5,6,5,-1.416591852,-1.814120968,1.43587236,1.444454275,-0.253725962,-0.238560581,2.55,-0.835158907,-1.026340775,-0.191181867,22,M,0
19,U,A,1.4,2.8,1.8,3,1.6,2.9,0.4,0.2,11,9,0.571053731,-0.224004502,1.502477319,1.277998918,-0.13602617,-0.532709265,1.025,0.217513781,-0.378356883,-0.595870664,30,M,0
20,N,V,1.5,1.6,1.1,1.4,1.3,1.5,-0.4,-0.2,12,11,0.968582847,0.571053731,1.50222217,1.955461244,-0.136477052,0.664456481,2.3,0.416052898,0.617755106,0.201702208,21,F,1
21,U,V,1,4.1,1.2,3.8,1.1,3.95,0.2,-0.3,8,7,-0.621533619,-1.019062735,1.347444126,2.122042976,-0.409990375,0.958828486,1.875,-0.515761997,-0.030117125,0.485644873,21,F,0
22,N,A,3.8,2.8,4,2.4,3.9,2.6,0.2,-0.4,9,10,-0.224004502,0.173524614,1.698871663,1.951195573,0.211028673,0.656918475,2.125,-0.006487914,0.415221544,0.421709459,20,M,0
23,U,A,1,4.3,1.3,5,1.15,4.65,0.3,0.7,3,4,-2.609179201,-2.211650085,0.807415775,1.223012033,-1.364292067,-0.629878381,1.5,-1.986735634,-1.420764233,0.565971401,31,M,0
24,N,V,1.5,3.7,1.4,3.7,1.45,3.7,-0.1,0,14,14,1.76364108,1.76364108,2.0129679,2.346338346,0.766078366,1.355188141,2.6,1.264859723,1.559414611,0.294554888,19,other,0
25,U,V,1,1.5,1,1.7,1,1.6,0,0.2,11,8,0.571053731,-0.621533619,1.770398806,1.504099821,0.337426618,-0.133158994,1.925,0.454240174,-0.377346306,-0.831586481,24,M,0
26,N,A,1.8,2.8,1.7,1.4,1.75,2.1,-0.1,-1.4,5,10,-1.814120968,0.173524614,1.045715925,0.693344509,-0.943184109,-1.565871117,2,-1.378652538,-0.696173251,0.682479287,19,F,0
27,U,A,3.1,4,1.6,3,2.35,3.5,-1.5,-1,7,4,-1.019062735,-2.211650085,-0.109357571,0.243031673,-2.984352112,-2.361633599,2.125,-2.001707424,-2.286641842,-0.284934418,44,F,0
28,N,V,2.4,2.1,1.6,1.7,2,1.9,-0.8,-0.4,9,8,-0.224004502,-0.621533619,1.240533179,1.502477319,-0.598916193,-0.13602617,1.675,-0.411460347,-0.378779894,0.032680453,20,F,0
29,U,V,3.5,1.7,3.7,2.6,3.6,2.15,0.2,0.9,14,14,1.76364108,1.76364108,1.134483091,1.352167809,-0.786320758,-0.401643001,1.325,0.488660161,0.68099904,0.192338878,23,F,0
30,N,A,2.4,2.6,2.1,2.8,2.25,2.7,-0.3,0.2,10,12,0.173524614,0.968582847,1.441665934,2.019656384,-0.243487949,0.777897804,2.875,-0.034981667,0.873240326,0.908221993,20,F,0
31,U,A,1.6,3.5,2,3.3,1.8,3.4,0.4,-0.2,11,14,0.571053731,1.76364108,2.413037701,2.236827278,1.473054744,1.161667565,1.9,1.022054238,1.462654323,0.440600085,23,NR,0
32,N,V,1.7,2.9,1.1,2,1.4,2.45,-0.6,-0.9,8,6,-0.621533619,-1.416591852,0.546727566,0.83421579,-1.824962693,-1.316932887,2.075,-1.223248156,-1.366762369,-0.143514214,19,F,0
33,U,V,1.3,3.5,1.3,3.6,1.3,3.55,0,0.1,6,6,-1.416591852,-1.416591852,0.745149144,0.959080854,-1.474325459,-1.096279765,2.1,-1.445458655,-1.256435808,0.189022847,20,F,0
34,N,A,1.7,3.7,1,3.6,1.35,3.65,-0.7,-0.1,11,13,0.571053731,1.366111964,1.558923982,1.396427231,-0.036277433,-0.323430735,2.5,0.267388149,0.521340614,0.253952465,21,F,0
35,U,A,1.5,3.1,1.9,2.7,1.7,2.9,0.4,-0.4,10,11,0.173524614,0.571053731,2.421267103,2.019656384,1.487597189,0.777897804,1.55,0.830560901,0.674475767,-0.156085134,19,M,1
36,N,V,1.7,3.6,1.2,2.9,1.45,3.25,-0.5,-0.7,10,7,0.173524614,-1.019062735,2.144267334,2.869330723,0.998101873,2.279385008,2.125,0.585813244,0.630161136,0.044347893,20,F,0
37,U,V,1.7,3.5,1,2.5,1.35,3,-0.7,-1,11,11,0.571053731,0.571053731,2.277451594,1.703294512,1.233456118,0.218844434,2.125,0.902254924,0.394949082,-0.507305842,20,F,0
38,N,A,1.2,2.7,1.2,2.1,1.2,2.4,0,-0.6,13,14,1.366111964,1.76364108,1.352167809,1.504099821,-0.401643001,-0.133158994,1.275,0.482234481,0.815241043,0.333006562,18,F,0
39,U,A,1.2,3.9,1.3,4.3,1.25,4.1,0.1,0.4,13,9,1.366111964,-0.224004502,1.891449701,1.239233156,0.551339598,-0.601213506,1.875,0.958725781,-0.412609004,-1.371334785,21,M,0
40,N,V,1.6,2.9,1.2,1.9,1.4,2.4,-0.4,-1,13,13,1.366111964,1.366111964,1.962567182,1.722521075,0.677013615,0.25282032,2.525,1.02156279,0.809466142,-0.212096648,19,NR,0
42,U,A,2.4,3.9,2.8,4,2.6,3.95,0.4,0.1,5,9,-1.814120968,-0.224004502,1.142611944,1.426650184,-0.771955997,-0.27002277,2.2,-1.293038483,-0.247013636,1.046024846,23,F,0
43,U,A,1.9,3.8,1.4,3.1,1.65,3.45,-0.5,-0.7,10,8,0.173524614,-0.621533619,1.44980009,1.744548939,-0.229113817,0.291746476,1.925,-0.027794601,-0.164893571,-0.13709897,19,F,0
44,N,V,2.2,2.4,2,2.3,2.1,2.35,-0.2,-0.1,12,11,0.968582847,0.571053731,1.371159574,1.962567182,-0.368082035,0.677013615,2.275,0.300250406,0.624033673,0.323783267,19,F,1
45,U,V,1.8,2.1,1.3,2.1,1.55,2.1,-0.5,0,11,10,0.571053731,0.173524614,1.031438398,1.414496357,-0.968414393,-0.291500193,2,-0.198680331,-0.05898779,0.139692541,19,M,1
46,U,V,2.1,1.9,2.2,2.2,2.15,2.05,0.1,0.3,10,9,0.173524614,-0.224004502,1.639099372,1.954010204,0.105403111,0.6618923,1.65,0.139463863,0.218943899,0.079480036,21,F,0
47,N,A,2,2.3,2.1,2.7,2.05,2.5,0.1,0.4,8,10,-0.621533619,0.173524614,1.196732701,1.760643991,-0.676317444,0.320188566,2.2,-0.648925531,0.24685659,0.895782121,20,M,0
48,U,V,1.4,2.8,1.4,2.4,1.4,2.6,0,-0.4,14,13,1.76364108,1.366111964,1.498297823,1.426650184,-0.143411893,-0.270022769,1.5,0.810114594,0.548044597,-0.262069996,18,F,0
49,N,A,2.6,3.1,1.2,3,1.9,3.05,-1.4,-0.1,12,11,0.968582847,0.571053731,1.067570524,0.731808084,-0.904564135,-1.497900881,2.7,0.032009356,-0.463423575,-0.495432931,18,F,1
50,U,V,1.3,1.9,1,1.5,1.15,1.7,-0.3,-0.4,9,7,-0.224004502,-1.019062735,1.10801082,0.355520428,-0.83310077,-2.162851056,1.925,-0.528552636,-1.590956896,-1.06240426,18,F,0
52,U,A,2.5,3.1,2.3,2.8,2.4,2.95,-0.2,-0.3,6,8,-1.416591852,-0.621533619,1.869346874,1.916356542,0.512280973,0.595353288,1.9,-0.452155439,-0.013090165,0.439065274,21,M,0
53,N,V,2.3,2.7,1.8,2.5,2.05,2.6,-0.5,-0.2,10,10,0.173524614,0.173524614,0.896272063,1.44910446,-1.207271225,-0.230343087,2.5,-0.516873305,-0.028409236,0.488464069,19,M,0
54,U,V,1.5,3.3,1.6,2.5,1.55,2.9,0.1,-0.8,6,10,-1.416591852,0.173524614,1.893688917,0.973068157,0.555296589,-1.071562347,2.05,-0.430647631,-0.449018866,-0.018371235,20,M,1
55,N,A,1.4,3.9,1.2,4,1.3,3.95,-0.2,0.1,9,11,-0.224004502,0.571053731,2.047920312,2.121382455,0.827843913,0.957661257,2.4,0.301919705,0.764357494,0.462437789,22,F,1
56,U,A,2.1,2.9,1.1,2.2,1.6,2.55,-1,-0.7,8,8,-0.621533619,-0.621533619,1.833943045,2.144415155,0.449717713,0.998363092,1.475,-0.085907953,0.188414736,0.274322689,18,F,0
57,N,V,1.2,3.1,1.2,3.1,1.2,3.1,0,0,10,13,0.173524614,1.366111964,0.991780015,1.577327045,-1.038496013,-0.003756781,2.35,-0.432485699,0.681177591,1.113663291,20,M,0
58,U,V,1.5,2,1.2,1.7,1.35,1.85,-0.3,-0.3,9,10,-0.224004502,0.173524614,1.218217679,1.556349258,-0.63835064,-0.040827312,1.8,-0.431177571,0.066348651,0.497526222,28,F,0
59,N,A,1.6,2.5,1.5,2.5,1.55,2.5,-0.1,0,7,8,-1.019062735,-0.621533619,1.45491847,1.255673452,-0.22006896,-0.572161324,2.9,-0.619565848,-0.596847471,0.022718376,18,M,0
60,U,A,1.1,3.9,1,3.6,1.05,3.75,-0.1,-0.3,11,9,0.571053731,-0.224004502,1.028804762,1.482106231,-0.973068376,-0.172024583,2.225,-0.201007322,-0.198014543,0.00299278,18,M,1
61,N,V,1,2.4,1,2.4,1,2.4,0,0,10,9,0.173524614,-0.224004502,1.134483091,2.361013155,-0.786320758,1.381120475,2.65,-0.306398072,0.578557986,0.884956058,19,F,1
62,U,V,3.1,3.2,3,3.6,3.05,3.4,-0.1,0.4,10,9,0.173524614,-0.224004502,1.400740768,2.087596541,-0.315808143,0.897957068,2.025,-0.071141764,0.336976283,0.408118047,19,F,1
63,N,A,2.4,2.9,2.7,3,2.55,2.95,0.3,0.1,12,14,0.968582847,1.76364108,2.588592996,2.30947227,1.783284225,1.290040898,2.725,1.375933536,1.526840989,0.150907453,22,M,0
64,U,A,1.4,3.8,1.6,3,1.5,3.4,0.2,-0.8,8,8,-0.621533619,-0.621533619,1.468988744,2.037495939,-0.195204921,0.809422663,1.675,-0.40836927,0.093944522,0.502313792,18,F,0
65,N,V,2.1,2.5,1.5,1.6,1.8,2.05,-0.6,-0.9,9,9,-0.224004502,-0.224004502,1.277998918,1.902088386,-0.532709265,0.570139565,1.85,-0.378356883,0.173067531,0.551424415,20,F,0
